 00 01 02 03 04 05 06
 07 08 09 10 11 12 13
 14 15 16 17 18 19 20
 21 22 23 24 25 26 27
 28 29 30 31 32 33 34 

    0  1  2  3  4  5  6
 1 06 05 04 03 02 01 00
 2 07 08 09 10 11 12 13
 3 14 15 16 17 18 19 20
 4 21 22 23 24 25 26 27
 5 28 29 30 31 32 33 34 

 [ 1 * 7 - 0 ]-1 = 6
 [ 1 * 7 - 1 ]-1 = 5
 [ 1 * 7 - 2 ]-1 = 4
 [ 1 * 7 - 3 ]-1 = 3
 [ 1 * 7 - 4 ]-1 = 2
 [ 1 * 7 - 5 ]-1 = 1
 [ 1 * 7 - 6 ]-1 = 0

 [ 2 * 7 - 0 ]-1 = 13
 [ 2 * 7 - 1 ]-1 = 12

 [ 3 * 7 - 0 ]-1 = 20
 [ 3 * 7 - 1 ]-1 = 19
 


6 |5 |4 |3 |2 | 1| 0|
13|12|11|10|9 | 8| 7|
20|19|18|17|16|15|14|
27|26|25|24|23|22|21|
34|33|32|31|30|29|28|